280 3
288 2
285 10
283 19
276 20
276 20
276 26
283 32
289 40
281 39
284 45
284 54
280 49
289 56
279 61
290 65
284 64
290 65
282 70
286 73
290 79
281 76
285 83
282 87
286 93
287 98
286 103
286 103
285 108
170 1
179 4
181 12
169 10
156 12
169 10
163 7
151 18
151 27
137 30
144 33
130 38
137 39
121 46
129 45
121 51
129 50
151 27
156 29
90 68
90 68
83 69
74 73
83 75
76 79
83 75
46 86
35 87
35 96
24 98
11 98
3 101
24 98
35 96
82 87
76 85
60 84
64 86
60 84
54 87
132 56
122 61
108 55
115 59
108 55
99 60
102 66
100 70
187 161
51 187
64 187
76 192
84 188
88 192
84 188
4 187
3 191
17 190
28 192
33 185
43 191
175 177
178 173
189 172
184 178
164 178
164 178
168 185
158 186
168 185
98 192
101 185
110 192
118 189
120 191
132 192
120 191
139 185
139 190
289 114
281 119
279 127
285 125
288 134
201 163
216 162
221 159
238 158
230 164
283 140
282 146
284 149
247 161
279 155
287 160
283 167
283 171
283 171
246 169
252 173
242 181
244 192
251 187
286 180
281 179
285 191
216 183
205 179
194 183
205 179
202 190
212 190
234 183
227 181
232 187
283 196
276 192
276 198
280 200
255 196
264 195
244 192
