170 1
121 51
74 73
35 87
20 91
0 95
53 79
93 63
130 38
144 25
156 12
295 1
294 9
292 19
291 28
294 51
290 79
287 98
289 114
288 134
287 160
286 180
285 191
259 192
244 192
224 193
236 193
212 190
195 193
182 193
167 193
149 193
132 192
110 192
88 192
98 192
76 192
59 193
43 191
17 190
4 187
3 171
4 150
5 130
5 110
22 104
50 119
46 139
33 121
28 139
26 152
93 164
177 164
215 173
263 169
270 132
271 102
235 110
229 126
237 138
189 172
142 172
81 168
45 167
86 149
133 128
132 143
115 127
81 119
91 103
56 95
93 82
127 84
122 99
164 84
197 38
170 104
187 123
198 135
224 144
238 158
207 94
202 66
228 60
246 70
262 57
266 35
236 29
250 12
228 11
201 6
181 12
167 26
160 41
146 55
207 52
162 54
176 56
183 86
156 132
129 157
114 170
25 169
71 135
96 121
64 102
111 67
108 55
255 141
246 81
199 116
171 142
164 178
276 192
143 99
152 110
152 121
193 157
221 159
237 173
255 196
264 195
276 198
283 196
268 178
277 169
270 181
254 181
246 169
254 159
270 146
270 156
283 140
279 155
277 117
262 125
255 107
240 115
249 121
236 138
231 151
223 167
227 181
216 183
194 183
180 183
175 177
158 186
144 184
121 184
123 178
139 185
118 189
120 191
101 185
106 181
79 175
91 181
96 169
67 184
51 187
28 192
9 193
10 177
26 181
33 180
49 180
67 171
59 173
57 163
71 154
73 158
62 149
47 146
41 152
35 159
48 157
24 162
5 162
13 158
16 166
11 146
6 140
16 134
20 125
9 117
4 120
11 98
3 101
24 98
35 96
43 102
29 109
37 107
24 116
17 109
57 128
35 127
43 130
36 139
21 143
54 106
46 86
60 84
66 79
76 79
83 69
99 60
113 51
121 46
137 30
137 39
129 45
129 50
132 56
123 70
122 61
129 62
115 59
102 66
100 70
88 73
90 68
89 80
82 87
76 85
64 86
65 91
72 91
75 99
72 104
69 113
65 124
61 115
43 92
108 72
102 74
137 49
141 46
150 39
144 33
151 27
151 18
169 10
163 7
159 19
156 29
194 23
177 26
176 18
164 16
179 4
187 3
195 2
204 1
212 1
218 1
225 1
237 1
232 1
242 2
246 2
249 2
256 2
264 1
269 1
274 0
280 3
288 2
289 56
290 65
289 40
283 32
283 19
285 10
272 11
259 9
265 8
259 14
241 7
227 4
217 8
189 7
193 16
188 16
185 20
182 24
186 29
194 29
201 23
195 11
203 11
201 16
209 13
212 22
207 30
208 35
203 41
188 48
182 39
175 39
170 45
165 33
154 47
153 58
142 69
143 64
133 64
132 74
113 83
120 78
117 73
102 88
104 82
94 74
54 87
92 87
85 94
84 99
95 97
94 92
103 93
100 98
114 89
110 90
110 95
112 101
107 103
101 106
96 106
85 106
78 108
61 137
41 116
49 110
73 124
74 118
84 115
98 113
91 110
83 75
76 132
74 139
66 142
54 142
48 132
83 124
80 128
81 139
77 147
81 156
53 168
32 171
39 174
16 150
27 131
11 124
11 106
56 147
56 153
61 153
64 160
61 180
77 182
71 174
20 177
14 183
3 179
9 168
92 131
90 123
87 129
85 138
89 143
92 137
100 129
103 117
103 113
108 106
113 109
121 89
137 79
139 75
131 68
126 74
128 90
116 95
118 111
111 121
107 130
103 139
97 134
97 143
93 147
90 156
107 158
85 160
74 165
90 170
84 176
84 188
64 187
40 182
33 185
100 175
113 176
106 170
102 160
98 152
95 155
107 149
112 139
122 118
129 113
134 100
141 88
152 80
156 67
167 65
158 69
104 122
126 103
122 123
116 137
115 145
117 164
117 156
126 164
129 169
130 177
121 171
162 156
164 168
153 172
152 163
143 159
138 164
138 170
146 149
121 149
124 134
136 117
130 118
140 104
134 107
144 108
140 111
143 120
140 129
136 122
128 125
136 132
132 135
122 142
110 116
138 91
142 93
148 93
148 85
143 77
162 74
148 70
156 93
151 99
174 74
185 66
168 52
176 47
186 55
175 62
182 71
176 79
168 78
166 93
158 101
158 109
158 121
142 135
150 137
149 128
161 123
163 127
163 135
159 139
155 146
137 152
204 137
197 152
205 179
202 190
210 193
234 183
242 181
201 163
207 157
206 168
181 147
3 191
168 185
151 177
139 190
124 181
109 186
141 144
172 115
165 112
184 100
173 92
182 91
180 97
178 106
178 125
176 135
169 126
147 114
196 76
188 76
193 67
195 54
199 43
171 31
222 20
214 13
208 6
222 10
184 46
180 50
187 33
163 46
189 60
200 61
199 48
190 37
208 45
215 34
216 25
227 18
235 16
236 11
240 19
244 13
242 25
236 37
223 30
227 25
235 23
224 33
219 39
231 38
233 41
229 45
223 52
219 46
214 51
211 60
205 55
215 60
219 67
212 68
207 63
218 79
206 82
211 76
205 72
198 82
193 94
199 107
187 110
186 112
205 112
211 99
221 96
214 85
222 88
215 90
190 84
199 100
192 102
186 130
185 136
195 125
209 120
205 124
207 129
214 132
215 138
209 144
223 134
213 122
222 121
222 110
210 103
228 102
234 96
234 81
225 72
231 90
227 78
236 70
237 61
230 52
236 48
239 56
242 46
242 37
245 32
246 18
252 18
265 18
269 24
276 20
276 26
259 25
250 23
254 32
272 35
248 46
252 41
257 45
261 44
268 41
275 43
281 39
284 45
284 54
284 64
279 61
272 53
275 57
280 49
263 48
270 49
255 51
245 53
253 57
247 59
242 64
251 64
258 62
266 62
267 54
270 63
277 67
282 70
281 76
286 73
270 81
259 75
264 72
270 75
270 73
257 68
253 71
239 75
253 79
261 82
276 82
285 83
286 93
286 103
285 108
271 102
275 95
274 89
277 90
282 87
257 95
245 89
240 85
238 96
242 102
247 107
247 99
254 89
261 91
268 95
265 106
259 101
270 108
280 103
276 109
280 98
264 116
259 114
248 112
229 120
239 125
212 107
176 150
181 154
190 145
202 140
238 131
249 131
251 140
243 149
253 150
232 144
258 132
269 120
281 119
279 127
282 146
272 139
265 138
263 144
263 153
261 160
275 163
283 167
283 171
281 179
285 125
284 149
251 187
232 187
216 162
187 161
171 160
153 153
164 146
230 164
216 149
252 173
247 161
266 188
277 186
178 173
184 178
280 200
387 220
